# Made in Blockbench 4.9.4
mtllib sword.mtl

o cube
v 0.3993952001598392 0.8144728197295523 -0.414940483740311
v 0.3390248363688888 0.814472820596267 -0.3987642921072876
v 0.406864533471222 0.7590346426559127 -0.38706455178037047
v 0.34649416968027147 0.7590346435226274 -0.37088836014734705
v 0.45381249720590144 1.0453471272137702 0.0296290405479418
v 0.514182860996852 1.0453471263470555 0.01345284891491838
v 0.4612818305172842 0.9899089501401304 0.057504972507882335
v 0.5216521943082346 0.9899089492734159 0.04132878087485892
vt 0.59375 0.84375
vt 1 0.84375
vt 1 0.78125
vt 0.59375 0.78125
vt 0 1
vt 0.0625 1
vt 0.0625 0.9375
vt 0 0.9375
vt 0.59375 0.84375
vt 1 0.84375
vt 1 0.78125
vt 0.59375 0.78125
vt 0 1
vt 0.0625 1
vt 0.0625 0.9375
vt 0 0.9375
vt 0.59375 0.84375
vt 1 0.84375
vt 1 0.78125
vt 0.59375 0.78125
vt 0.59375 0.84375
vt 1 0.84375
vt 1 0.78125
vt 0.59375 0.78125
vn -0.9659258206552073 1.3867434922598676e-8 0.2588190661283749
vn -0.22957532167402558 -0.46174861323500666 -0.8567866653104589
vn 0.9659258206552073 -1.3867434922598676e-8 -0.2588190661283749
vn 0.22957532167402558 0.46174861323500666 0.8567866653104589
vn -0.11950933298212321 0.8870108331782359 -0.44601491135904847
vn 0.11950933298212321 -0.8870108331782359 0.44601491135904847
usemtl m_0f146cdc-74fb-ba40-5181-d242a563f44b
f 4/4/1 7/3/1 5/2/1 2/1/1
usemtl none
f 3/8/2 4/7/2 2/6/2 1/5/2
usemtl m_0f146cdc-74fb-ba40-5181-d242a563f44b
f 8/12/3 3/11/3 1/10/3 6/9/3
f 7/16/4 8/15/4 6/14/4 5/13/4
f 6/20/5 1/19/5 2/18/5 5/17/5
f 7/24/6 4/23/6 3/22/6 8/21/6
o blade
v 0.36432042185414504 1.7049042518455348 -0.6665820932302494
v 0.24357969427224413 1.7049042535789642 -0.6342297099642026
v 0.4838297548362683 0.817893418667299 -0.22056718187120095
v 0.36308902725436737 0.8178934204007284 -0.18821479860515405
v 0.39301733706339825 1.7626228284999106 -0.5594837600664421
v 0.27227660948149734 1.76262283023334 -0.5271313768003952
v 0.5125266700455214 0.8756119953216748 -0.11346884870739359
v 0.3917859424636206 0.8756119970551042 -0.08111646544134672
v 0.2746629338358026 1.786921318532341 -0.7597069320990107
v 0.33205676425430897 1.9023584718410926 -0.545510265771396
v 0.4665047638591976 0.9044712845155775 -0.04374349049246648
v 0.40911093344069127 0.7890341312068258 -0.2579401568200812
vt 0.09375 0.96875
vt 0 1
vt 0.03125 0
vt 0.125 0
vt 0.28125 0
vt 0.34375 0
vt 0.375 1
vt 0.28125 1
vt 0.125 0.875
vt 0.125 0.9375
vt 0 0.9375
vt 0 0.875
vt 1 0
vt 1 1
vt 0 1
vt 0 0
vt 1 0
vt 1 1
vt 0 1
vt 0 0
vt 0 1
vt 0 0.9375
vt 0.125 0.9375
vt 0.125 1
vt 0.125 0.875
vt 0.125 0.9375
vt 0 0.9375
vt 0 0.875
vt 0.125 1
vt 0.0625 1
vt 0.0625 0
vt 0.125 0
vt 0 1
vt 0 0.9375
vt 0.125 0.9375
vt 0.125 1
vt 0 0
vt 0.0625 0
vt 0.0625 1
vt 0 1
vn -0.8453469646572646 -0.32650556581620027 -0.4228269443114908
vn -0.5206784311596917 0.32650558542771485 0.7888523778309778
vn 0.11950933298212321 -0.8870108331782359 0.44601491135904847
vn 0.9659258206552073 -1.3867434922598676e-8 -0.2588190661283749
vn -0.9659258206552073 1.3867434922598676e-8 0.2588190661283749
vn -0.9173965169816628 0.3966833163564632 0.03203087813894876
vn 0.8105041199841886 0.3966832915496414 -0.43095874244989896
vn 0.8453469646572646 0.32650556581620027 0.4228269443114908
vn 0.11950933298212321 -0.8870108331782359 0.44601491135904847
vn 0.5206784311596917 -0.32650558542771485 -0.7888523778309778
usemtl m_0f146cdc-74fb-ba40-5181-d242a563f44b
f 10/25/7 17/26/7 20/27/7 12/28/7
f 16/29/8 19/30/8 18/31/8 14/32/8
usemtl none
f 12/33/9 20/34/9 19/35/9 16/36/9
usemtl m_32cbb350-f76c-0086-ad91-e992f251fd10
f 11/37/10 9/38/10 13/39/10 15/40/10
f 16/41/11 14/42/11 10/43/11 12/44/11
usemtl m_0f146cdc-74fb-ba40-5181-d242a563f44b
f 14/45/12 18/46/12 17/47/12 10/48/12
f 9/49/13 17/50/13 18/51/13 13/52/13
f 13/53/14 18/54/14 19/55/14 15/56/14
usemtl none
f 15/57/15 19/58/15 20/59/15 11/60/15
usemtl m_0f146cdc-74fb-ba40-5181-d242a563f44b
f 11/61/16 20/62/16 17/63/16 9/64/16
o hilt
v 0.5149129943998267 0.8999104836206759 -0.3460444040060091
v 0.2734315392360249 0.8999104870875345 -0.2813396374739154
v 0.5298516610225921 0.7890341294733965 -0.29029254008612804
v 0.28837020585879036 0.7890341329402553 -0.2255877735540343
v 0.33082536965453135 1.0153476403962862 -0.06714297114630069
v 0.5723068248183332 1.0153476369294276 -0.13184773767839442
v 0.3457640362772967 0.9044712862490067 -0.011391107226419617
v 0.5872454914410985 0.904471282782148 -0.07609587375851334
vt 0 0.8125
vt 1 0.8125
vt 1 0.1875
vt 0 0.1875
vt 0 1
vt 0.25 1
vt 0.25 0.875
vt 0 0.875
vt 0 1
vt 0.25 1
vt 0.25 0.875
vt 0 0.875
vt 0 1
vt 0.25 1
vt 0.25 0.875
vt 0 0.875
vt 0 1
vt 1 1
vt 1 0
vt 0 0
vt 0.375 0.625
vt 0.625 0.625
vt 0.625 0.375
vt 0.375 0.375
vn -0.9659258206552073 1.3867434922598676e-8 0.2588190661283749
vn -0.22957532167402558 -0.46174861323500666 -0.8567866653104589
vn 0.9659258206552073 -1.3867434922598676e-8 -0.2588190661283749
vn 0.22957532167402558 0.46174861323500666 0.8567866653104589
vn -0.11950933298212321 0.8870108331782359 -0.44601491135904847
vn 0.11950933298212321 -0.8870108331782359 0.44601491135904847
usemtl m_628cb656-443e-165f-09cd-a08d8ee6239c
f 24/68/17 27/67/17 25/66/17 22/65/17
usemtl m_3fdc05e0-a514-484f-2ca3-669326bbb094
f 23/72/18 24/71/18 22/70/18 21/69/18
f 28/76/19 23/75/19 21/74/19 26/73/19
f 27/80/20 28/79/20 26/78/20 25/77/20
usemtl m_0f146cdc-74fb-ba40-5181-d242a563f44b
f 26/84/21 21/83/21 22/82/21 25/81/21
f 27/88/22 24/87/22 23/86/22 28/85/22
o cube
v 0.43870590631802764 0.9287697732479359 -0.26823094997457025
v 0.37833554252707724 0.9287697741146506 -0.25205475834154684
v 0.4909912394977065 0.5407025337324578 -0.07309942625498655
v 0.4306208757067561 0.5407025345991725 -0.05692323462196314
v 0.40703245773633046 0.9864883507690263 -0.1449564251777395
v 0.46740282152728085 0.9864883499023116 -0.1611326168107629
v 0.4593177909160093 0.5984211112535482 0.05017509854184421
v 0.5196881547069596 0.5984211103868335 0.03399890690882079
vt 0 1
vt 0.125 1
vt 0.125 0.5625
vt 0 0.5625
vt 0 1
vt 0.0625 1
vt 0.0625 0.5625
vt 0 0.5625
vt 0 1
vt 0.125 1
vt 0.125 0.5625
vt 0 0.5625
vt 0 1
vt 0.0625 1
vt 0.0625 0.5625
vt 0 0.5625
vt 0 1
vt 0.125 1
vt 0.125 0.9375
vt 0 0.9375
vt 0 1
vt 0.125 1
vt 0.125 0.9375
vt 0 0.9375
vn -0.9659258206552073 1.3867434922598676e-8 0.2588190661283749
vn -0.22957532167402558 -0.46174861323500666 -0.8567866653104589
vn 0.9659258206552073 -1.3867434922598676e-8 -0.2588190661283749
vn 0.22957532167402558 0.46174861323500666 0.8567866653104589
vn -0.11950933298212321 0.8870108331782359 -0.44601491135904847
vn 0.11950933298212321 -0.8870108331782359 0.44601491135904847
usemtl m_ea895fd8-4675-a869-31a2-c10fa6079d07
f 32/92/23 35/91/23 33/90/23 30/89/23
f 31/96/24 32/95/24 30/94/24 29/93/24
f 36/100/25 31/99/25 29/98/25 34/97/25
f 35/104/26 36/103/26 34/102/26 33/101/26
usemtl none
f 34/108/27 29/107/27 30/106/27 33/105/27
usemtl m_ea895fd8-4675-a869-31a2-c10fa6079d07
f 35/112/28 32/111/28 31/110/28 36/109/28